1 -0.004056437389770718 230
2 -0.04309964726631392 260
3 -0.03559826293744422 270
4 -0.022056108185494146 280
5 -0.019160298108115863 280
6 -0.016837337904351966 280
7 -0.013510345114502517 280
8 -0.011773946612039989 280
9 -0.011371631654153887 280
10 -0.007918497324153262 280
11 -0.00664397600728989 280
12 -0.00568317290410878 280
13 -0.0054767763811489605 280
14 -0.0054132177057454375 280
15 -0.004286537102052386 280
16 -0.00440180603755396 280
17 -0.0032380420331553357 280
18 -0.0031190656841749488 280
19 -0.003407633392081255 280
20 -0.003045254353852692 280
21 -0.0031278577925844746 280
22 -0.003451924377323869 280
23 -0.002865364430843031 280
24 -0.0021148904611370165 280
25 -0.0015056650735516138 280
26 -0.0014805594672502576 280
27 -0.0017784576174931935 280
28 -0.001296092907386835 280
29 -0.0009229928235524778 280
30 -0.0014851028706471005 280
31 -0.0017444159884910497 280
32 -0.0016552458489644205 280
33 -0.0022754935238730096 280
34 -0.0021796365748943786 280
35 -0.0022534156659518184 280
36 -0.0021908207863420453 280
37 -0.0023890096711384635 280
38 -0.0023261409955821883 280
39 -0.0021443962325697024 280
40 -0.001971738707707841 280
41 -0.0020397915382980095 280
42 -0.001991225073100438 280
43 -0.0017234335708467177 280
44 -0.0019007148425049631 280
45 -0.002175937052354059 280
46 -0.0025427127479032982 280
47 -0.0024886124766713134 280
48 -0.0021391473357882797 280
49 -0.0022898547273805503 280
50 -0.002053581442356749 280
51 -0.0018265737763534888 280
52 -0.002066172632302735 280
53 -0.0018474937236968433 280
54 -0.0019014642984784714 280
55 -0.0020422255765069532 280
56 -0.0020057572626407576 280
57 -0.0018870263499294326 280
58 -0.0018544914128616839 280
59 -0.001984479855420122 280
60 -0.0018720401117980404 280
61 -0.0016852229046569326 280
62 -0.001504432059036506 280
63 -0.0016317237648265537 280
64 -0.0016806328429059007 280
65 -0.001728037026275114 280
66 -0.0014854044306389109 280
67 -0.001392161009854677 280
68 -0.0013716880538274022 280
69 -0.001351808516815411 280
70 -0.0013324969665751908 280
71 -0.0011795912413585046 280
72 -0.0011632080296729698 280
73 -0.00108204210102122 280
74 -0.0011961200391670081 280
75 -0.0010531876449939878 280
76 -0.0009766732712190042 280
77 -0.001149517959718943 280
78 -0.0012568806720790787 280
79 -0.0011204162392197295 280
80 -0.0010468872267056734 280
81 -0.0009751737453648038 280
82 -0.0010794254011994955 280
83 -0.0008943032362969197 280
84 -0.0008529902281952539 280
85 -0.0008429550490400157 280
86 -0.0008885242317477453 280
87 -0.0009330458470369063 280
88 -0.0008142179450954697 280
89 -0.0006445557851987309 280
90 -0.0007432141600721841 280
91 -0.0007350469714999623 280
92 -0.0007788171648739275 280
93 -0.0008728493407764607 280
94 -0.0008922173330924641 280
95 -0.0009329508849746989 280
96 -0.0007744231227800219 280
97 -0.000717347577577086 280
98 -0.000758618569253899 280
99 -0.0006066556111229073 280
100 -0.0006005890550116782 280
101 -0.0005587191645380934 280
102 -0.0005532415256700728 280
103 -0.0006264072868022593 280
104 -0.00048302150245113873 280
105 -0.0007051786672804024 280
106 -0.0006536024085145045 280
107 -0.0005584864091469902 280
108 -0.0005092235279335481 280
109 -0.00046086455279741685 280
110 -0.0004133848317546698 280
111 -0.000538360772781333 280
112 -0.000533553980167214 280
113 -0.0005031847402433803 280
114 -0.0004987708390131752 280
115 -0.000618657303767098 280
116 -0.0006543749542682847 280
117 -0.000689482046641246 280
118 -0.0008047043537520346 280
119 -0.0008379581386944943 280
120 -0.000816883125721034 280
121 -0.0006920682710810726 280
122 -0.0008425236053149905 280
123 -0.0006882246094272552 280
124 -0.0004906621221776498 280
125 -0.0005248320632954668 280
126 -0.0005584596243955405 280
127 -0.0006665482437760031 280
128 -0.0007357455975262649 280
129 -0.000775126595683298 280
130 -0.0008057941200388478 280
131 -0.0007468413188522447 280
132 -0.0007051083939980249 280
133 -0.0006640030319235679 280
134 -0.0007675650559335808 280
135 -0.0007012470743852872 280
136 -0.0008361468683061237 280
137 -0.0006910098908176188 280
138 -0.0007895222415052758 280
139 -0.000749583917739736 280
140 -0.000710216141456561 280
141 -0.0007389515217434277 280
142 -0.0007337476377874881 280
143 -0.0006953165021253045 280
144 -0.0006574191322362069 280
145 -0.000652885207186302 280
146 -0.000778876534860499 280
147 -0.0008383658749213767 280
148 -0.0009614013693314962 280
149 -0.0009869081035098403 280
150 -0.000980328716153108 280
151 -0.0010369080592501703 280
152 -0.0010300862957024718 280
153 -0.0010856008266051324 280
154 -0.0010476300110953277 280
155 -0.0009794271753862643 280
156 -0.0010036738265818957 280
157 -0.0009366197925029695 280
158 -0.000900553181399123 280
159 -0.000894889324912336 280
160 -0.0009190581713935388 280
161 -0.0009429267837569626 280
162 -0.0010546841434104321 280
163 -0.0009897854092557085 280
164 -0.0009256781230784816 280
165 -0.000862347894915524 280
166 -0.0008284668548141969 280
167 -0.0007949915756721672 280
168 -0.0008469488253634609 280
169 -0.0007574064400908115 280
170 -0.0008089735170538628 280
171 -0.000832090074041295 280
172 -0.0007995668482509108 280
173 -0.0007674196135101266 280
174 -0.0008177436934543759 280
175 -0.0007858599879951808 280
176 -0.0007272823203144722 280
177 -0.000642463130449903 280
178 -0.0005853492391338388 280
179 -0.0005022706719559163 280
180 -0.0005788453586990183 280
181 -0.0005230295858674795 280
182 -0.0004939914850555442 280
183 -0.0005693560905236248 280
184 -0.000566261763944692 280
185 -0.0005889409152850167 280
186 -0.000585774566278108 280
187 -0.0006081068133135446 280
188 -0.0005795429219560004 280
189 -0.0005260860307085638 280
190 -0.0004982545002211253 280
191 -0.0005205772764603066 280
192 -0.00046826276187556795 280
193 -0.0004658365299487515 280
194 -0.0005370730132258935 280
195 -0.0004854787438051991 280
196 -0.0005558881088149393 280
197 -0.0006014105525458763 280
198 -0.0005983731255128163 280
199 -0.0005714370557267983 280
200 -0.0006638179656862596 280
201 -0.0006605153887425468 280
202 -0.0007043930824805021 280
203 -0.0007009231658180366 280
204 -0.0007208299383478736 280
205 -0.0007405424984627852 280
206 -0.0007138315894318748 280
207 -0.0007333874984776376 280
208 -0.0007985429157239676 280
209 -0.0007491536696017979 280
210 -0.0007682620081365739 280
211 -0.0007194844179377773 280
212 -0.0006487051787696072 280
213 -0.0007127286957036198 280
214 -0.0006203906221366913 280
215 -0.0006396534786007289 280
216 -0.0006146462645243146 280
217 -0.0006118137932592256 280
218 -0.0005871637081437944 280
219 -0.0005627387379609243 280
220 -0.000581825856251578 280
221 -0.0005145519189576149 280
222 -0.0005122341175208689 280
223 -0.0004885832705279288 280
224 -0.00044388508841035085 280
225 -0.00039958422346715144 280
226 -0.00041888652673457446 280
227 -0.00041704121163882744 280
228 -0.0004360976307189412 280
229 -0.0004341932742529196 280
230 -0.0003908976099135177 280
231 -0.0004098197187965967 280
232 -0.00040805325449143895 280
233 -0.0004267393124631699 280
234 -0.0003842155994876456 280
235 -0.0003623172149710822 280
236 -0.00036078197253476405 280
237 -0.0003391672605751036 280
238 -0.00039776619765552034 280
239 -0.00037617761623476607 280
240 -0.0003746102095004545 280
241 -0.00035329686937014246 280
242 -0.000273127795332997 280
243 -0.0002720038126361534 280
244 -0.00027088904291223476 280
245 -0.0002697833733493277 280
246 -0.00022997202010884452 280
247 -0.00020976199265129955 280
248 -0.00020891617816480237 280
249 -0.00024632538838827514 280
250 -0.0002643877058823411 280
251 -0.00028230610052784876 280
252 -0.0002622893907562908 280
253 -0.0002612526737967798 280
254 -0.0003164670895917306 280
255 -0.0003339001785027621 280
256 -0.00033259588093048566 280
257 -0.0002942441089276063 280
258 -0.00023773264228170747 280
259 -0.00021842902296052418 280
260 -0.00019927389301873462 280
261 -0.00018026554568186301 280
262 -0.00025227834530757744 280
263 -0.0001788947050302899 280
264 -0.0001601795555343238 280
265 -8.769729665449976e-05 280
266 -6.946570996818674e-05 280
267 -5.1370689474280563e-05 280
268 -8.671561049791954e-05 280
269 -5.098875126257588e-05 280
270 2.11014887437546e-06 280
271 2.1023623471637424e-06 280
272 -1.5412369727291867e-05 280
273 1.952983501093823e-05 280
274 1.9458558240825316e-05 280
275 3.670381716323963e-05 280
276 7.107738856413196e-05 280
277 8.801178341373713e-05 280
278 0.00010482434808456815 280
279 0.00017271966958827596 280
280 0.00015509601090437226 280
281 0.00017149034809654445 280
282 0.0001877684133937367 280
283 0.00022075795795350978 280
284 0.00021998064120015237 280
285 0.00021920877930120447 280
286 0.0002350923316879302 280
287 0.00026745719995316223 280
288 0.0002665285291199915 280
289 0.0003150378223954043 280
290 0.00029753112382885203 280
291 0.00032923654788376847 280
292 0.00034441691847973075 280
293 0.00037574590348085635 280
294 0.00035827090121763995 280
295 0.0003409143735460386 280
296 0.00033976263579757227 280
297 0.00037068535259222527 280
298 0.0003534618958321683 280
299 0.0003682058519059897 280
300 0.0003511054831932872 280
301 0.00033411873819296146 280
302 0.00034878028131783494 280
303 0.0003633450485804981 280
304 0.0003464856742039018 280
305 0.000360962458098003 280
306 0.00039090640275719093 280
307 0.0003896330919990242 280
308 0.0003729073197460898 280
309 0.0003717004999410863 280
310 0.0003858624491732272 280
311 0.00039993332477686555 280
312 0.00036812645667242197 280
313 0.0003517365805747313 280
314 0.000396112305750335 280
315 0.00045532343826420394 280
316 0.0003936052658405227 280
317 0.000362320045683898 280
318 0.0003611806744710555 280
319 0.00034512084551689936 280
320 0.00034404234287465903 280
321 0.0002984667770535097 280
322 0.0002827513374915275 280
323 0.0002671332071528393 280
324 0.00029570319578449574 280
325 0.0002801413251454519 280
326 0.00032310320539259555 280
327 0.0003221151221956763 280
328 0.00029209705925053845 280
329 0.00027673535158745247 280
330 0.00024703673075291614 280
331 0.00028944965387968765 280
332 0.00025989164430833465 280
333 0.0002591111889200213 280
334 0.00028684980668915156 280
335 0.0002717788975291697 280
336 0.00025679769616180687 280
337 0.00025603568519396764 280
338 0.0002834551344206409 280
339 0.00028261898358164197 280
340 0.0002537765467951974 280
341 0.00025303233404799737 280
342 0.00025229247342212604 280
343 0.00023767382259026922 280
344 0.0002646684031170694 280
345 0.00029150649332197504 280
346 0.00029066398900601557 280
347 0.00035844168301327146 280
348 0.0003300444094304474 280
349 0.00035638757594729284 280
350 0.00035536932573030055 280
351 0.00035435687750884673 280
352 0.00033982204330596714 280
353 0.0003523491898175785 280
354 0.00032445043638925335 280
355 0.0003101226752672984 280
356 0.0002824992702137118 280
357 0.00028170795573132044 280
358 0.0003208252918485913 280
359 0.00030666726941473797 280
360 0.0003587254687986388 280
361 0.00031815915368918474 280
362 0.00027781696186762815 280
363 0.00027705162588452173 280
364 0.0002893726509834784 280
365 0.0003016261636161395 280
366 0.0003268233859117498 280
367 0.0003389080763095509 280
368 0.00032504717185788157 280
369 0.0003370711761669517 280
370 0.00032329016011810926 280
371 0.0002839127896441675 280
372 0.0002703487639679607 280
373 0.000256857467651948 280
374 0.0002307059516319976 280
375 0.00026818597385621707 280
376 0.0002674727132874505 280
377 0.0002793942837081861 280
378 0.00025345988210099635 280
379 0.0002904843000524826 280
380 0.00026465721104231943 280
381 0.0002764610103884151 280
382 0.00026327157119393035 280
383 0.00022528466295135014 280
384 0.00023709877779237463 280
385 0.0002241143530139405 280
386 0.0002358702867157302 280
387 0.00022295613930327417 280
388 0.00023465446049554604 280
389 0.0002585340364937825 280
390 0.00028229115312792543 280
391 0.0002815691808692862 280
392 0.00029299860837192775 280
393 0.0003043698708491105 280
394 0.00026733920040098005 280
395 0.0002666623922986991 280
396 0.0002419389783691329 280
397 0.00024132956028759855 280
398 0.00024072320460848397 280
399 0.00024011988830620706 280
400 0.00023951958858544156 280
401 0.00023892228287824592 280
402 0.00020279134614045356 280
403 0.00017865586011080103 280
404 0.00019000053561029102 280
405 0.000213046977556462 280
406 0.00017733574291786406 280
407 0.0001535000051617771 280
408 9.47671036551948e-05 280
409 9.453539924527989e-05 280
410 8.26904232424749e-05 280
411 0.00010566151594458452 280
412 0.00014007911975470513 280
413 0.00013973994513060174 280
414 0.00011639803820079468 280
415 0.00011611756100031084 280
416 0.00013873220514167914 280
417 0.0001612383857619857 280
418 0.00017224476465227943 280
419 0.00016046875146240582 280
420 0.00017142455148726858 280
421 0.00014839549192599352 280
422 0.00014804384384086084 280
423 0.00018146623259233463 280
424 0.00016980733873738868 280
425 0.0001469988284725724 280
426 0.00018018830137689568 280
427 0.00016861431293829695 280
428 0.00014596846285243757 280
429 0.0001567282211252868 280
430 0.00015636373689011172 280
431 0.00014495244106924195 280
432 0.00013359397532161695 280
433 0.000144282914782548 280
434 0.0001549225964579448 280
435 0.00015456645255804147 280
436 0.00017605554217100356 280
437 0.00018654947631227073 280
438 0.00017525163558574784 280
439 0.00018569959259330824 280
440 0.00017445503724217626 280
441 0.00016326147760692243 280
442 0.00017366564793338813 280
443 0.00016252440547325688 280
444 0.00014070833806496233 280
445 0.00014039213955245678 280
446 0.00015075427547701353 280
447 0.00013976398680278139 280
448 0.00017133976871999457 280
449 0.0001391414300686933 280
450 0.0001176682057267417 280
451 0.00013852439490209155 280
452 0.00011714754994918974 280
453 0.00011688894608616725 280
454 0.00010614270443861013 280
455 0.00010590942376951429 280
456 8.479161905991113e-05 280
457 6.376623362693644e-05 280
458 6.362700604259815e-05 280
459 7.386290529284251e-05 280
460 7.37023337595972e-05 280
461 9.4201481677276e-05 280
462 0.00011461188869487827 280
463 0.00014521902130183164 280
464 0.00015516877505313107 280
465 0.00016507573416463993 280
466 0.00017494017413833117 280
467 0.00011338478067887315 280
468 0.0001131425055064824 280
469 8.244131831837842e-05 280
470 7.21341989987547e-05 280
471 6.187084664014851e-05 280
472 4.15622017875009e-05 280
473 6.160923629494704e-05 280
474 9.161789673675999e-05 280
475 7.137489164087309e-05 280
476 6.122094278888644e-05 280
477 5.1109568145922826e-05 280
478 2.111621280311904e-05 280
479 4.095482096805935e-05 280
480 8.055203810691558e-05 280
481 0.00011008459995225315 280
482 9.997673820566183e-05 280
483 6.0333682748467815e-05 280
484 7.988631878371793e-05 280
485 6.99032443905458e-05 280
486 5.996125260804516e-05 280
487 5.00600903605856e-05 280
488 3.044150508564685e-05 280
489 3.0379252519009536e-05 280
490 3.0317254044480945e-05 280
491 3.99538884800416e-05 280
492 5.923001782014217e-05 280
493 4.945083976796184e-05 280
494 3.9711253529757944e-05 280
495 2.0391009535133132e-05 280
496 3.955112750746054e-05 280
497 2.9890250466389664e-05 280
498 2.026817212829498e-05 280
499 3.931334517775636e-05 280
500 2.9710908963591327e-05 280
501 3.915640567604875e-05 280
502 2.9592538808357893e-05 280
503 2.0066699244315906e-05 280
504 2.947510809880092e-05 280
505 3.884625592811965e-05 280
506 1.125968766959241e-06 280
507 -8.268569163359736e-06 280
508 -8.252292452408241e-06 280
509 -8.236079697098991e-06 280
510 1.117137639375247e-06 280
511 2.907133949470775e-05 280
512 2.901455953475715e-05 280
513 5.680539720762173e-05 280
514 5.669488087064192e-05 280
515 7.50776277501349e-05 280
516 0.00010261762127332122 280
517 8.399783956136215e-05 280
518 9.302854790565442e-05 280
519 9.284930214861077e-05 280
520 0.0001109857641133433 280
521 0.00010163280724958493 280
522 9.231568546959577e-05 280
523 6.482423236981779e-05 280
524 8.287573101760349e-05 280
525 0.00010085846205149287 280
526 0.00011877281768221155 280
527 0.00012758331473007218 280
528 0.00011832292064553651 280
529 0.00012710095815264278 280
530 0.00010889169309233682 280
531 0.00010868662399046802 280
532 0.00010848232582507239 280
533 9.041048370568291e-05 280
534 5.4571477092715245e-05 280
535 4.556871776748631e-05 280
536 1.883124947740838e-05 280
537 9.928575340756293e-06 280
538 1.058996646991389e-06 280
539 9.89173461592974e-06 280
540 -1.6581609866163253e-05 280
541 1.0531242071744345e-06 280
542 1.0511811735818616e-06 280
543 9.81886732594131e-06 280
544 1.855431933803473e-05 280
545 9.782834785295654e-06 280
546 1.04348021260324e-06 280
547 -7.663920595655198e-06 280
548 -1.6339542568847e-05 280
549 1.0377781349387413e-06 280
550 3.566792589763712e-05 280
551 3.560319281978297e-05 280
552 3.553869428206597e-05 280
553 6.991858642191586e-05 280
554 9.557886746756996e-05 280
555 0.00011256667045196987 280
556 0.00012949336623138994 280
557 0.0001378100832792775 280
558 0.0001290292323022452 280
559 0.00012879841077755423 280
560 0.00012856841361545145 280
561 0.00013682748018994218 280
562 0.00015353029521417635 280
563 0.00014479950470419598 280
564 0.0001529858615432041 280
565 0.00015271509010684442 280
566 0.00016927179405331559 280
567 0.00019416851802449896 280
568 0.00019382667204206146 280
569 0.00018511712646394755 280
570 0.00016808392181434496 280
571 0.00017612914219979225 280
572 0.00017582122411902338 280
573 0.00018382486031062154 280
574 0.00017520860661338219 280
575 0.00019146704299111462 280
576 0.0002076690264647577 280
577 0.00019905624693552108 280
578 0.0001987118589650444 280
579 0.0001901443000343539 280
580 0.00017339610378634722 280
581 0.0001649016100416121 280
582 0.00019734614172129842 280
583 0.00017250384253187203 280
584 0.0001722084592398654 280
585 0.00018005409394527546 280
586 0.00017974683439929377 280
587 0.0001794406217342183 280
588 0.0001710369731225874 280
589 0.00017074658776923836 280
590 0.00017852821179319687 280
591 0.00017822613360065338 280
592 0.00017792507594254417 280
593 0.0001936854207112912 280
594 0.000193359350979454 280
595 0.00020103757856084107 280
596 0.00020869004027786108 280
597 0.00021631686560721937 280
598 0.0002079920802769318 280
599 0.0002235443631542817 280
600 0.0002390448050887071 280
601 0.00023072375755627203 280
602 0.00021452021389951821 280
603 0.00022995850462905387 280
604 0.00021380988206541387 280
605 0.00021345647730166938 280
606 0.00020524631024027262 280
607 0.0001970631948001655 280
608 0.00018890699750295344 280
609 0.0001729583661050676 280
610 0.00018828763029802572 280
611 0.00018797946723698148 280
612 0.00018767231124476418 280
613 0.0001795979603913392 280
614 0.00017930545556985492 280
615 0.00017901390198356247 280
616 0.00019418402474626696 280
617 0.00020158713777245578 280
618 0.0002320823350375797 280
619 0.00022401450450940143 280
620 0.0002236531907924508 280
621 0.0001772842990658469 280
622 0.00016934348063984915 280
623 0.00015378464756689672 280
624 0.0001459069401799229 280
625 0.0001837687271708731 280
626 0.00019108204352028826 280
627 0.00019837203190686638 280
628 0.00019047350198041473 280
629 0.00019017068242241724 280
630 0.00018986882419634994 280
631 0.00018202132247511203 280
632 0.00018926797348686782 280
633 0.00018144621561105165 280
634 0.00017364913205030117 280
635 0.0001808747314673948 280
636 0.00018807760887374286 280
637 0.00018030683592118633 280
638 0.00015763282162395206 280
639 0.0001797424952766756 280
640 0.00017946164762780578 280
641 0.00017175280767533688 280
642 0.00015665068566367822 280
643 0.000163812822640725 280
644 0.00016355845490370524 280
645 0.00017807047206479956 280
646 0.00017042345157877855 280
647 0.00020695992817529332 280
648 0.00019929192711035494 280
649 0.00020632214719478394 280
650 0.00024263476513682858 280
651 0.0002495768081426165 280
652 0.0002491940216270604 280
653 0.00024881240750512 280
654 0.00023386956051534225 280
655 0.00024805267496311965 280
656 0.00025493354704687215 280
657 0.00026904142524590205 280
658 0.00026863254769993563 280
659 0.00024654704415909463 280
660 0.00023895848081657362 280
661 0.0002385969702555803 280
662 0.00025981618070189253 280
663 0.0002594243010929908 280
664 0.0002518620585282351 280
665 0.00025148331859059866 280
666 0.00025825572316013945 280
667 0.0002721471081686093 280
668 0.0002574825024321151 280
669 0.00024997968140919 280
670 0.0002567138979472431 280
671 0.00024923458548844725 280
672 0.0002559498684890668 280
673 0.00025556955664881556 280
674 0.0002551903733303455 280
675 0.00025481231351800424 280
676 0.00025443537222581784 280
677 0.0002399918790263565 280
678 0.0002466613670542008 280
679 0.00026733743909935554 280
680 0.0002599414946861142 280
681 0.00025955978911388787 280
682 0.00025219693786605993 280
683 0.00023788360483285997 280
684 0.00022361212365063426 280
685 0.00023718905416181512 280
686 0.00023684329752309528 280
687 0.00024342999543340338 280
688 0.0002638402923669512 280
689 0.0002565460324913754 280
690 0.00028377947164373433 280
691 0.00026958614458808564 280
692 0.00027607793449750277 280
693 0.00028942242452537005 280
694 0.0002890053893315295 280
695 0.00027488623118312506 280
696 0.0002744912797015401 280
697 0.0002536014582303553 280
698 0.00026006034548490316 280
699 0.0002528758460465775 280
700 0.0002661200370148102 280
701 0.0002521543743032206 280
702 0.00022466181957113762 280
703 0.0002311159347095923 280
704 0.00023078764502960708 280
705 0.00022370581182828172 280
706 0.0002098991328826191 280
707 0.00024327908292030113 280
708 0.00024966132257988374 280
709 0.00024259282316594204 280
710 0.00022883732690259632 280
711 0.00022851547412214258 280
712 0.00022819452542253285 280
713 0.00020115972377731322 280
714 0.0002075473218699287 280
715 0.00019393703257527213 280
716 0.00018701546582320503 280
717 0.00020003749379808133 280
718 0.0001997588900462734 280
719 0.0001994810612701312 280
720 0.00019920400424058932 280
721 0.00019892771574649698 280
722 0.00019865219259449353 280
723 0.00021155005888939674 280
724 0.0002112578626754611 280
725 0.00023067090601758362 280
726 0.00023691227496508663 280
727 0.0002562366243608902 280
728 0.0002493435730061297 280
729 0.0002490015379265602 280
730 0.0002486604399294006 280
731 0.0002287775743676445 280
732 0.0002349703710719302 280
733 0.00023464981122053603 280
734 0.00024081773349667257 280
735 0.00024049009032184717 280
736 0.00024663331677780224 280
737 0.0002527598723342839 280
738 0.00023951248832866897 280
739 0.00021985724235567443 280
740 0.00022599514440911918 280
741 0.00024496912435689944 280
742 0.0002638919615015859 280
743 0.00026994581453039236 280
744 0.0002823838033869503 280
745 0.00028200476472468595 280
746 0.0002943932429540222 280
747 0.00031312325773683383 280
748 0.0003190708265926733 280
749 0.0003377178806101921 280
750 0.00034996600280112457 280
751 0.0003621815068237723 280
752 0.00036169988247959173 280
753 0.00035489562664375597 280
754 0.0003481094192318879 280
755 0.0003539555057784745 280
756 0.00036608494231026164 280
757 0.0003718918377126321 280
758 0.00037768341149124973 280
759 0.00038973364352328963 280
760 0.0003829551719372001 280
761 0.0004012242377897324 280
762 0.0003881992590999696 280
763 0.0003939315074653756 280
764 0.0003996487499450083 280
765 0.0004178004695996086 280
766 0.00041103845232610427 280
767 0.00041671102900091343 280
768 0.0004037676428644415 280
769 0.0004094349213027254 280
770 0.00040271889574011824 280
771 0.0004145491040774327 280
772 0.00044485347545754464 280
773 0.000456598567370031 280
774 0.0004437039832728998 280
775 0.00044313146200416055 280
776 0.0004425604163057016 280
777 0.00044199084048034034 280
778 0.000429181328443978 280
779 0.0004225175465564957 280
780 0.00042197585739424376 280
781 0.0003970467986170181 280
782 0.0003904496738593176 280
783 0.00038995101527201324 280
784 0.00037730591254359286 280
785 0.0003768252680690151 280
786 0.0003581706375934638 280
787 0.00037586764349958933 280
788 0.00036934762775669045 280
789 0.00039302097556386705 280
790 0.0003985512082048049 280
791 0.00039804735079873056 280
792 0.0004035572717723492 280
793 0.0004030483723123589 280
794 0.00040853811587607724 280
795 0.00040802423145359164 280
796 0.00039554705336909023 280
797 0.00040102554484780495 280
798 0.0004064903057714352 280
799 0.0004119413876940051 280
800 0.0004173788419117685 280
801 0.00041685776969964394 280
802 0.0004163379969194698 280
803 0.0004039592328836927 280
804 0.00040937956314366915 280
805 0.0004088710171024969 280
806 0.0003788233808411739 280
807 0.00037245320966057175 280
808 0.000348418466767899 280
809 0.00033032930390945373 280
810 0.00034755817425736096 280
811 0.00034125797334963947 280
812 0.00033497329017814396 280
813 0.0003228468660526978 280
814 0.0003166002424311285 280
815 0.0003103689479472808 280
816 0.0003216599290451512 280
817 0.0003212662204416688 280
818 0.00030923067552204625 280
819 0.00028559593837535385 280
820 0.00029105485157478 280
821 0.00029070033896628453 280
822 0.00029034668891888025 280
823 0.00030156596332336466 280
824 0.000318537017112674 280
825 0.00030660690009337436 280
826 0.00030047068742751704 280
827 0.00030010736132421895 280
828 0.00028249163469736086 280
829 0.000287895028095681 280
830 0.0003162343398805341 280
831 0.00032731445442196495 280
832 0.0003269210476257847 280
833 0.00031509544069729093 280
834 0.00030900791047834363 280
835 0.00030863784112447737 280
836 0.0003082686571039935 280
837 0.0003079003552436542 280
838 0.0003018504684690141 280
839 0.0002958150033553386 280
840 0.0002897939083966956 280
841 0.00028378713233212787 280
842 0.00028345009298256477 280
843 0.0002887626133490205 280
844 0.0002714942757908886 280
845 0.00025990220028840295 280
846 0.00027085244535166665 280
847 0.0002761547503298876 280
848 0.0002814445498718391 280
849 0.0002755042091041399 280
850 0.0002695778456088353 280
851 0.00027485672565148625 280
852 0.0002745341238608155 280
853 0.0002797948162852515 280
854 0.00028504318858691373 280
855 0.0002680013669795439 280
856 0.0002788142269758406 280
857 0.0002729324078522926 280
858 0.0002559642881628211 280
859 0.0002501227642395759 280
860 0.0002775174166178134 280
861 0.00027719509673788565 280
862 0.00027134927323598 280
863 0.0002710348476586498 280
864 0.00028174407760789847 280
865 0.00028141836191124194 280
866 0.00027559466315394863 280
867 0.00025879961246321246 280
868 0.0002475293254398568 280
869 0.00024176472925188829 280
870 0.00023053993125986367 280
871 0.00023574241671410582 280
872 0.00024639386981857304 280
873 0.0002352023424490105 280
874 0.0002403816358351155 280
875 0.000245549090836338 280
876 0.00026157667667523973 280
877 0.0002558486476688771 280
878 0.0002555572482979558 280
879 0.00024984910039101306 280
880 0.0002495651809587505 280
881 0.0002492819060654943 280
882 0.0002489992735189348 280
883 0.000259503022386761 280
884 0.0002592094669315724 280
885 0.0002535358915317573 280
886 0.0002478751232998876 280
887 0.0002529642209758796 280
888 0.0002419543406326528 280
889 0.00023096922942405644 280
890 0.00023606016822459657 280
891 0.0002304507799752931 280
892 0.00021951551057643122 280
893 0.0002032722521259377 280
894 0.00020837139363575743 280
895 0.00022942083235529182 280
896 0.0002557379115708817 280
897 0.00026076150895140997 280
898 0.000255168339384755 280
899 0.0002548845036346051 280
900 0.00025989230392157195 280
901 0.0002648889881146721 280
902 0.0002698745931853928 280
903 0.0002695757287411122 280
904 0.0002692775255013543 280
905 0.00026371820805670665 280
906 0.00026868309387773103 280
907 0.0002631366905086213 280
908 0.00026284689239132106 280
909 0.0002677963509936461 280
910 0.000272734931664977 280
911 0.00026720843364788616 280
912 0.0002616940551439907 280
913 0.0002614074241964069 280
914 0.0002611214204500214 280
915 0.0002504275068497377 280
916 0.00024495552839039875 280
917 0.00023949548445332657 280
918 0.00022886007594759362 280
919 0.0002130661974256547 280
920 0.00021801058716965373 280
921 0.00021777387643439895 280
922 0.0002175376791714549 280
923 0.00021730199371189753 280
924 0.0002170668183940275 280
925 0.00022712816185934155 280
926 0.00023202532881403426 280
927 0.00022663813346266551 280
928 0.0002212625484461058 280
929 0.00023127605433993076 280
930 0.000231027370410533 280
931 0.00021031990916667737 280
932 0.0002049849041547981 280
933 0.00022007678987994228 280
934 0.00021984116162525284 280
935 0.00021960603738822046 280
936 0.00023463393081591926 280
937 0.00022930144555154285 280
938 0.00021890367266309824 280
939 0.00021867054841106086 280
940 0.00022350377629775628 280
941 0.00023338720429723743 280
942 0.00021797414539064346 280
943 0.0002278424755904514 280
944 0.00021751233576057855 280
945 0.0002223212166348052 280
946 0.0002069850268860218 280
947 0.0002218516892501488 280
948 0.00022664077476982668 280
949 0.00021636632766911082 280
950 0.00022115110496830626 280
951 0.00023594034069990036 280
952 0.00022568850260692828 280
953 0.00023544518783379353 280
954 0.00024018990436845914 280
955 0.00024492468432399454 280
956 0.00024466848695545477 280
957 0.00024441282500461313 280
958 0.00023918702376566806 280
959 0.0002389376108107508 280
960 0.00023868871746615626 280
961 0.00023348518627014071 280
962 0.00022829247322629986 280
963 0.00021322081511732728 280
964 0.0002080598964689641 280
965 0.00022758275569295384 280
966 0.00023227667081325595 280
967 0.00023203646743082237 280
968 0.0002465547296397929 280
969 0.00024138604079402968 280
970 0.00025095554953940646 280
971 0.00024579297455336714 280
972 0.0002455401011227567 280
973 0.00024039370352457834 280
974 0.000249924931266144 280
975 0.0002545526028873118 280
976 0.0002640497923554698 280
977 0.0002637795264472247 280
978 0.00027811688305179224 280
979 0.0002778328004337618 280
980 0.0002629720381009577 280
981 0.00026755810611706754 280
982 0.00026243645350197404 280
983 0.0002476367070734733 280
984 0.0002473850437532767 280
985 0.00025680273358074496 280
986 0.00027103083860319276 280
987 0.0002707562379561784 280
988 0.0002704821931809191 280
989 0.00026539383427790023 280
990 0.00025550575007781193 280
991 0.00025044277277005956 280
992 0.0002501903102975091 280
993 0.0002499383563092941 280
994 0.0002688495038860645 280
995 0.000282936805174334 280
996 0.0002826527320767694 280
997 0.00029192169575955056 280
998 0.00029640063670759186 280
999 0.0003008706108068883 280
1000 0.0003148554544817957 280

0.0003148554544817957
P1;(2, 1)/(3, 1);;aa/ ['0.99', '0.01', '0.00']
P2;(3, 2)/(4, 1);;aa/c ['1.00', '0.00', '0.00']
P1;(2, 1)/(3, 1);;aa/c1r ['0.50', '0.50', '0.00']
P2;(3, 2)/(4, 1);;aa/c1r1r ['1.00', '0.00']
P1;(2, 1)/(3, 1);;aa/c1r1r1r ['0.50', '0.50']
P1;(2, 1)/(3, 1);;aa/c2r ['0.50', '0.50']
P2;(3, 2)/(4, 1);;aa/1r ['1.00', '0.00', '0.00']
P1;(2, 1)/(3, 1);;aa/1r1r ['1.00', '0.00']
P2;(3, 2)/(4, 1);;aa/1r1r1r ['0.50', '0.50']
P2;(3, 2)/(4, 1);;aa/2r ['1.00', '0.00']
P1;(2, 1)/(5, 1);;aa/ ['1.00', '0.00', '0.00']
P2;(3, 1)/(4, 1);;aa/c ['1.00', '0.00', '0.00']
P1;(2, 1)/(5, 1);;aa/c1r ['0.96', '0.00', '0.04']
P2;(3, 1)/(4, 1);;aa/c1r1r ['1.00', '0.00']
P1;(2, 1)/(5, 1);;aa/c1r1r1r ['0.50', '0.50']
P1;(2, 1)/(5, 1);;aa/c2r ['0.50', '0.50']
P2;(3, 1)/(4, 1);;aa/1r ['1.00', '0.00', '0.00']
P1;(2, 1)/(5, 1);;aa/1r1r ['1.00', '0.00']
P2;(3, 1)/(4, 1);;aa/1r1r1r ['1.00', '0.00']
P2;(3, 1)/(4, 1);;aa/2r ['1.00', '0.00']
P1;(2, 1)/(4, 2);;aa/ ['1.00', '0.00', '0.00']
P2;(2, 2)/(4, 1);;aa/c ['1.00', '0.00', '0.00']
P1;(2, 1)/(4, 2);;aa/c1r ['0.50', '0.50', '0.00']
P2;(2, 2)/(4, 1);;aa/c1r1r ['1.00', '0.00']
P1;(2, 1)/(4, 2);;aa/c1r1r1r ['0.50', '0.50']
P1;(2, 1)/(4, 2);;aa/c2r ['0.50', '0.50']
P2;(2, 2)/(4, 1);;aa/1r ['1.00', '0.00', '0.00']
P1;(2, 1)/(4, 2);;aa/1r1r ['1.00', '0.00']
P2;(2, 2)/(4, 1);;aa/1r1r1r ['1.00', '0.00']
P2;(2, 2)/(4, 1);;aa/2r ['1.00', '0.00']
P1;(2, 1)/(2, 2);;aa/ ['1.00', '0.00', '0.00']
P2;(3, 1)/(3, 2);;aa/c ['1.00', '0.00', '0.00']
P1;(2, 1)/(2, 2);;aa/c1r ['0.50', '0.50', '0.00']
P2;(3, 1)/(3, 2);;aa/c1r1r ['1.00', '0.00']
P1;(2, 1)/(2, 2);;aa/c1r1r1r ['0.50', '0.50']
P1;(2, 1)/(2, 2);;aa/c2r ['0.50', '0.50']
P2;(3, 1)/(3, 2);;aa/1r ['0.50', '0.50', '0.00']
P1;(2, 1)/(2, 2);;aa/1r1r ['1.00', '0.00']
P2;(3, 1)/(3, 2);;aa/1r1r1r ['0.50', '0.50']
P2;(3, 1)/(3, 2);;aa/2r ['0.50', '0.50']
P1;(2, 1)/(3, 2);;aa/ ['1.00', '0.00', '0.00']
P2;(4, 1)/(5, 2);;aa/c ['1.00', '0.00', '0.00']
P1;(2, 1)/(3, 2);;aa/c1r ['0.50', '0.50', '0.00']
P2;(4, 1)/(5, 2);;aa/c1r1r ['1.00', '0.00']
P1;(2, 1)/(3, 2);;aa/c1r1r1r ['0.50', '0.50']
P1;(2, 1)/(3, 2);;aa/c2r ['0.50', '0.50']
P2;(4, 1)/(5, 2);;aa/1r ['0.50', '0.50', '0.00']
P1;(2, 1)/(3, 2);;aa/1r1r ['1.00', '0.00']
P2;(4, 1)/(5, 2);;aa/1r1r1r ['0.50', '0.50']
P2;(4, 1)/(5, 2);;aa/2r ['0.50', '0.50']
P1;(2, 1)/(4, 1);;aa/ ['1.00', '0.00', '0.00']
P2;(2, 2)/(3, 2);;aa/c ['1.00', '0.00', '0.00']
P1;(2, 1)/(4, 1);;aa/c1r ['1.00', '0.00', '0.00']
P2;(2, 2)/(3, 2);;aa/c1r1r ['1.00', '0.00']
P1;(2, 1)/(4, 1);;aa/c1r1r1r ['1.00', '0.00']
P1;(2, 1)/(4, 1);;aa/c2r ['1.00', '0.00']
P2;(2, 2)/(3, 2);;aa/1r ['1.00', '0.00', '0.00']
P1;(2, 1)/(4, 1);;aa/1r1r ['1.00', '0.00']
P2;(2, 2)/(3, 2);;aa/1r1r1r ['1.00', '0.00']
P2;(2, 2)/(3, 2);;aa/2r ['1.00', '0.00']
P1;(2, 1)/(5, 2);;aa/ ['1.00', '0.00', '0.00']
P2;(3, 1)/(4, 2);;aa/c ['1.00', '0.00', '0.00']
P1;(2, 1)/(5, 2);;aa/c1r ['0.00', '0.00', '1.00']
P2;(3, 1)/(4, 2);;aa/c1r1r ['1.00', '0.00']
P1;(2, 1)/(5, 2);;aa/c1r1r1r ['0.50', '0.50']
P1;(2, 1)/(5, 2);;aa/c2r ['0.50', '0.50']
P2;(3, 1)/(4, 2);;aa/1r ['1.00', '0.00', '0.00']
P1;(2, 1)/(5, 2);;aa/1r1r ['1.00', '0.00']
P2;(3, 1)/(4, 2);;aa/1r1r1r ['1.00', '0.00']
P2;(3, 1)/(4, 2);;aa/2r ['1.00', '0.00']
P1;(3, 1)/(5, 1);;aa/ ['1.00', '0.00', '0.00']
P2;(2, 1)/(2, 2);;aa/c ['1.00', '0.00', '0.00']
P1;(3, 1)/(5, 1);;aa/c1r ['0.69', '0.00', '0.31']
P2;(2, 1)/(2, 2);;aa/c1r1r ['1.00', '0.00']
P1;(3, 1)/(5, 1);;aa/c1r1r1r ['0.50', '0.50']
P1;(3, 1)/(5, 1);;aa/c2r ['0.50', '0.50']
P2;(2, 1)/(2, 2);;aa/1r ['1.00', '0.00', '0.00']
P1;(3, 1)/(5, 1);;aa/1r1r ['1.00', '0.00']
P2;(2, 1)/(2, 2);;aa/1r1r1r ['1.00', '0.00']
P2;(2, 1)/(2, 2);;aa/2r ['1.00', '0.00']
P1;(3, 1)/(4, 2);;aa/ ['1.00', '0.00', '0.00']
P1;(3, 1)/(4, 2);;aa/c1r ['0.50', '0.50', '0.00']
P1;(3, 1)/(4, 2);;aa/c1r1r1r ['0.50', '0.50']
P1;(3, 1)/(4, 2);;aa/c2r ['0.50', '0.50']
P1;(3, 1)/(4, 2);;aa/1r1r ['1.00', '0.00']
P1;(2, 2)/(3, 1);;aa/ ['1.00', '0.00', '0.00']
P2;(4, 2)/(5, 2);;aa/c ['1.00', '0.00', '0.00']
P1;(2, 2)/(3, 1);;aa/c1r ['0.50', '0.50', '0.00']
P2;(4, 2)/(5, 2);;aa/c1r1r ['1.00', '0.00']
P1;(2, 2)/(3, 1);;aa/c1r1r1r ['0.50', '0.50']
P1;(2, 2)/(3, 1);;aa/c2r ['0.50', '0.50']
P2;(4, 2)/(5, 2);;aa/1r ['0.50', '0.50', '0.00']
P1;(2, 2)/(3, 1);;aa/1r1r ['1.00', '0.00']
P2;(4, 2)/(5, 2);;aa/1r1r1r ['0.50', '0.50']
P2;(4, 2)/(5, 2);;aa/2r ['0.50', '0.50']
P1;(3, 1)/(3, 2);;aa/ ['1.00', '0.00', '0.00']
P2;(2, 1)/(5, 2);;aa/c ['1.00', '0.00', '0.00']
P1;(3, 1)/(3, 2);;aa/c1r ['0.50', '0.50', '0.00']
P2;(2, 1)/(5, 2);;aa/c1r1r ['1.00', '0.00']
P1;(3, 1)/(3, 2);;aa/c1r1r1r ['0.50', '0.50']
P1;(3, 1)/(3, 2);;aa/c2r ['0.50', '0.50']
P2;(2, 1)/(5, 2);;aa/1r ['0.50', '0.50', '0.00']
P1;(3, 1)/(3, 2);;aa/1r1r ['1.00', '0.00']
P2;(2, 1)/(5, 2);;aa/1r1r1r ['0.50', '0.50']
P2;(2, 1)/(5, 2);;aa/2r ['0.50', '0.50']
P1;(3, 1)/(4, 1);;aa/ ['1.00', '0.00', '0.00']
P2;(2, 2)/(4, 2);;aa/c ['1.00', '0.00', '0.00']
P1;(3, 1)/(4, 1);;aa/c1r ['1.00', '0.00', '0.00']
P2;(2, 2)/(4, 2);;aa/c1r1r ['1.00', '0.00']
P1;(3, 1)/(4, 1);;aa/c1r1r1r ['1.00', '0.00']
P1;(3, 1)/(4, 1);;aa/c2r ['1.00', '0.00']
P2;(2, 2)/(4, 2);;aa/1r ['0.50', '0.50', '0.01']
P1;(3, 1)/(4, 1);;aa/1r1r ['1.00', '0.00']
P2;(2, 2)/(4, 2);;aa/1r1r1r ['0.50', '0.50']
P2;(2, 2)/(4, 2);;aa/2r ['0.50', '0.50']
P1;(3, 1)/(5, 2);;aa/ ['1.00', '0.00', '0.00']
P1;(3, 1)/(5, 2);;aa/c1r ['0.00', '0.00', '1.00']
P1;(3, 1)/(5, 2);;aa/c1r1r1r ['0.50', '0.50']
P1;(3, 1)/(5, 2);;aa/c2r ['0.50', '0.50']
P1;(3, 1)/(5, 2);;aa/1r1r ['1.00', '0.00']
P1;(4, 2)/(5, 1);;aa/ ['1.00', '0.00', '0.00']
P1;(4, 2)/(5, 1);;aa/c1r ['1.00', '0.00', '0.00']
P1;(4, 2)/(5, 1);;aa/c1r1r1r ['1.00', '0.00']
P1;(4, 2)/(5, 1);;aa/c2r ['1.00', '0.00']
P1;(4, 2)/(5, 1);;aa/1r1r ['1.00', '0.00']
P1;(2, 2)/(5, 1);;aa/ ['1.00', '0.00', '0.00']
P2;(2, 1)/(4, 2);;aa/c ['1.00', '0.00', '0.00']
P1;(2, 2)/(5, 1);;aa/c1r ['0.97', '0.00', '0.03']
P2;(2, 1)/(4, 2);;aa/c1r1r ['1.00', '0.00']
P1;(2, 2)/(5, 1);;aa/c1r1r1r ['0.50', '0.50']
P1;(2, 2)/(5, 1);;aa/c2r ['0.50', '0.50']
P2;(2, 1)/(4, 2);;aa/1r ['1.00', '0.00', '0.00']
P1;(2, 2)/(5, 1);;aa/1r1r ['1.00', '0.00']
P2;(2, 1)/(4, 2);;aa/1r1r1r ['1.00', '0.00']
P2;(2, 1)/(4, 2);;aa/2r ['1.00', '0.00']
P1;(3, 2)/(5, 1);;aa/ ['1.00', '0.00', '0.00']
P2;(2, 1)/(3, 1);;aa/c ['1.00', '0.00', '0.00']
P1;(3, 2)/(5, 1);;aa/c1r ['0.98', '0.00', '0.02']
P2;(2, 1)/(3, 1);;aa/c1r1r ['1.00', '0.00']
P1;(3, 2)/(5, 1);;aa/c1r1r1r ['0.50', '0.50']
P1;(3, 2)/(5, 1);;aa/c2r ['0.50', '0.50']
P2;(2, 1)/(3, 1);;aa/1r ['1.00', '0.00', '0.00']
P1;(3, 2)/(5, 1);;aa/1r1r ['1.00', '0.00']
P2;(2, 1)/(3, 1);;aa/1r1r1r ['1.00', '0.00']
P2;(2, 1)/(3, 1);;aa/2r ['1.00', '0.00']
P1;(4, 1)/(5, 1);;aa/ ['1.00', '0.00', '0.00']
P1;(4, 1)/(5, 1);;aa/c1r ['0.99', '0.00', '0.01']
P1;(4, 1)/(5, 1);;aa/c1r1r1r ['0.50', '0.50']
P1;(4, 1)/(5, 1);;aa/c2r ['0.50', '0.50']
P1;(4, 1)/(5, 1);;aa/1r1r ['1.00', '0.00']
P1;(5, 1)/(5, 2);;aa/ ['1.00', '0.00', '0.00']
P1;(5, 1)/(5, 2);;aa/c1r ['0.00', '0.00', '1.00']
P1;(5, 1)/(5, 2);;aa/c1r1r1r ['0.50', '0.50']
P1;(5, 1)/(5, 2);;aa/c2r ['0.50', '0.50']
P1;(5, 1)/(5, 2);;aa/1r1r ['1.00', '0.00']
P1;(2, 2)/(4, 2);;aa/ ['1.00', '0.00', '0.00']
P2;(2, 1)/(3, 2);;aa/c ['1.00', '0.00', '0.00']
P1;(2, 2)/(4, 2);;aa/c1r ['0.50', '0.50', '0.00']
P2;(2, 1)/(3, 2);;aa/c1r1r ['1.00', '0.00']
P1;(2, 2)/(4, 2);;aa/c1r1r1r ['0.50', '0.50']
P1;(2, 2)/(4, 2);;aa/c2r ['0.50', '0.50']
P2;(2, 1)/(3, 2);;aa/1r ['1.00', '0.00', '0.00']
P1;(2, 2)/(4, 2);;aa/1r1r ['1.00', '0.00']
P2;(2, 1)/(3, 2);;aa/1r1r1r ['1.00', '0.00']
P2;(2, 1)/(3, 2);;aa/2r ['1.00', '0.00']
P1;(3, 2)/(4, 2);;aa/ ['1.00', '0.00', '0.00']
P2;(2, 2)/(3, 1);;aa/c ['1.00', '0.00', '0.00']
P1;(3, 2)/(4, 2);;aa/c1r ['0.46', '0.46', '0.08']
P2;(2, 2)/(3, 1);;aa/c1r1r ['1.00', '0.00']
P1;(3, 2)/(4, 2);;aa/c1r1r1r ['0.50', '0.50']
P1;(3, 2)/(4, 2);;aa/c2r ['0.50', '0.50']
P2;(2, 2)/(3, 1);;aa/1r ['1.00', '0.00', '0.00']
P1;(3, 2)/(4, 2);;aa/1r1r ['1.00', '0.00']
P2;(2, 2)/(3, 1);;aa/1r1r1r ['1.00', '0.00']
P2;(2, 2)/(3, 1);;aa/2r ['1.00', '0.00']
P1;(4, 1)/(4, 2);;aa/ ['1.00', '0.00', '0.00']
P1;(4, 1)/(4, 2);;aa/c1r ['0.50', '0.50', '0.00']
P1;(4, 1)/(4, 2);;aa/c1r1r1r ['0.50', '0.50']
P1;(4, 1)/(4, 2);;aa/c2r ['0.50', '0.50']
P1;(4, 1)/(4, 2);;aa/1r1r ['1.00', '0.00']
P1;(4, 2)/(5, 2);;aa/ ['1.00', '0.00', '0.00']
P2;(2, 1)/(5, 1);;aa/c ['1.00', '0.00', '0.00']
P1;(4, 2)/(5, 2);;aa/c1r ['0.00', '0.00', '1.00']
P2;(2, 1)/(5, 1);;aa/c1r1r ['1.00', '0.00']
P1;(4, 2)/(5, 2);;aa/c1r1r1r ['0.50', '0.50']
P1;(4, 2)/(5, 2);;aa/c2r ['0.50', '0.50']
P2;(2, 1)/(5, 1);;aa/1r ['1.00', '0.00', '0.00']
P1;(4, 2)/(5, 2);;aa/1r1r ['1.00', '0.00']
P2;(2, 1)/(5, 1);;aa/1r1r1r ['1.00', '0.00']
P2;(2, 1)/(5, 1);;aa/2r ['1.00', '0.00']
P1;(2, 2)/(3, 2);;aa/ ['1.00', '0.00', '0.00']
P2;(4, 2)/(5, 1);;aa/c ['1.00', '0.00', '0.00']
P1;(2, 2)/(3, 2);;aa/c1r ['0.50', '0.50', '0.00']
P2;(4, 2)/(5, 1);;aa/c1r1r ['1.00', '0.00']
P1;(2, 2)/(3, 2);;aa/c1r1r1r ['0.50', '0.50']
P1;(2, 2)/(3, 2);;aa/c2r ['0.50', '0.50']
P2;(4, 2)/(5, 1);;aa/1r ['0.50', '0.50', '0.00']
P1;(2, 2)/(3, 2);;aa/1r1r ['1.00', '0.00']
P2;(4, 2)/(5, 1);;aa/1r1r1r ['0.50', '0.50']
P2;(4, 2)/(5, 1);;aa/2r ['0.50', '0.50']
P1;(2, 2)/(4, 1);;aa/ ['1.00', '0.00', '0.00']
P1;(2, 2)/(4, 1);;aa/c1r ['1.00', '0.00', '0.00']
P1;(2, 2)/(4, 1);;aa/c1r1r1r ['1.00', '0.00']
P1;(2, 2)/(4, 1);;aa/c2r ['1.00', '0.00']
P1;(2, 2)/(4, 1);;aa/1r1r ['1.00', '0.00']
P1;(2, 2)/(5, 2);;aa/ ['1.00', '0.00', '0.00']
P1;(2, 2)/(5, 2);;aa/c1r ['0.00', '0.00', '1.00']
P1;(2, 2)/(5, 2);;aa/c1r1r1r ['0.50', '0.50']
P1;(2, 2)/(5, 2);;aa/c2r ['0.50', '0.50']
P1;(2, 2)/(5, 2);;aa/1r1r ['1.00', '0.00']
P1;(3, 2)/(4, 1);;aa/ ['1.00', '0.00', '0.00']
P2;(2, 2)/(5, 2);;aa/c ['1.00', '0.00', '0.00']
P1;(3, 2)/(4, 1);;aa/c1r ['0.50', '0.50', '0.00']
P2;(2, 2)/(5, 2);;aa/c1r1r ['1.00', '0.00']
P1;(3, 2)/(4, 1);;aa/c1r1r1r ['0.50', '0.50']
P1;(3, 2)/(4, 1);;aa/c2r ['0.50', '0.50']
P2;(2, 2)/(5, 2);;aa/1r ['0.50', '0.50', '0.00']
P1;(3, 2)/(4, 1);;aa/1r1r ['1.00', '0.00']
P2;(2, 2)/(5, 2);;aa/1r1r1r ['0.50', '0.50']
P2;(2, 2)/(5, 2);;aa/2r ['0.50', '0.50']
P1;(3, 2)/(5, 2);;aa/ ['1.00', '0.00', '0.00']
P1;(3, 2)/(5, 2);;aa/c1r ['0.00', '0.00', '1.00']
P1;(3, 2)/(5, 2);;aa/c1r1r1r ['0.50', '0.50']
P1;(3, 2)/(5, 2);;aa/c2r ['0.50', '0.50']
P1;(3, 2)/(5, 2);;aa/1r1r ['1.00', '0.00']
P1;(4, 1)/(5, 2);;aa/ ['1.00', '0.00', '0.00']
P1;(4, 1)/(5, 2);;aa/c1r ['0.00', '0.00', '1.00']
P1;(4, 1)/(5, 2);;aa/c1r1r1r ['0.50', '0.50']
P1;(4, 1)/(5, 2);;aa/c2r ['0.50', '0.50']
P1;(4, 1)/(5, 2);;aa/1r1r ['1.00', '0.00']
P2;(3, 2)/(5, 1);;aa/c ['1.00', '0.00', '0.00']
P2;(3, 2)/(5, 1);;aa/c1r1r ['1.00', '0.00']
P2;(3, 2)/(5, 1);;aa/1r ['0.50', '0.50', '0.00']
P2;(3, 2)/(5, 1);;aa/1r1r1r ['0.50', '0.50']
P2;(3, 2)/(5, 1);;aa/2r ['0.50', '0.50']
P2;(4, 1)/(5, 1);;aa/c ['1.00', '0.00', '0.00']
P2;(4, 1)/(5, 1);;aa/c1r1r ['1.00', '0.00']
P2;(4, 1)/(5, 1);;aa/1r ['0.50', '0.50', '0.00']
P2;(4, 1)/(5, 1);;aa/1r1r1r ['0.50', '0.50']
P2;(4, 1)/(5, 1);;aa/2r ['0.50', '0.50']
P2;(5, 1)/(5, 2);;aa/c ['1.00', '0.00', '0.00']
P2;(5, 1)/(5, 2);;aa/c1r1r ['1.00', '0.00']
P2;(5, 1)/(5, 2);;aa/1r ['0.50', '0.50', '0.00']
P2;(5, 1)/(5, 2);;aa/1r1r1r ['0.50', '0.50']
P2;(5, 1)/(5, 2);;aa/2r ['0.50', '0.50']
P2;(3, 1)/(5, 2);;aa/c ['1.00', '0.00', '0.00']
P2;(3, 1)/(5, 2);;aa/c1r1r ['1.00', '0.00']
P2;(3, 1)/(5, 2);;aa/1r ['0.50', '0.50', '0.00']
P2;(3, 1)/(5, 2);;aa/1r1r1r ['0.50', '0.50']
P2;(3, 1)/(5, 2);;aa/2r ['0.50', '0.50']
P2;(3, 2)/(5, 2);;aa/c ['1.00', '0.00', '0.00']
P2;(3, 2)/(5, 2);;aa/c1r1r ['1.00', '0.00']
P2;(3, 2)/(5, 2);;aa/1r ['0.50', '0.50', '0.00']
P2;(3, 2)/(5, 2);;aa/1r1r1r ['0.50', '0.50']
P2;(3, 2)/(5, 2);;aa/2r ['0.50', '0.50']
P2;(3, 1)/(5, 1);;aa/c ['1.00', '0.00', '0.00']
P2;(3, 1)/(5, 1);;aa/c1r1r ['1.00', '0.00']
P2;(3, 1)/(5, 1);;aa/1r ['0.50', '0.50', '0.00']
P2;(3, 1)/(5, 1);;aa/1r1r1r ['0.50', '0.50']
P2;(3, 1)/(5, 1);;aa/2r ['0.50', '0.50']
P2;(4, 1)/(4, 2);;aa/c ['1.00', '0.00', '0.00']
P2;(4, 1)/(4, 2);;aa/c1r1r ['1.00', '0.00']
P2;(4, 1)/(4, 2);;aa/1r ['0.99', '0.01', '0.00']
P2;(4, 1)/(4, 2);;aa/1r1r1r ['0.50', '0.50']
P2;(4, 1)/(4, 2);;aa/2r ['0.50', '0.50']
P2;(2, 1)/(4, 1);;aa/c ['1.00', '0.00', '0.00']
P2;(2, 1)/(4, 1);;aa/c1r1r ['1.00', '0.00']
P2;(2, 1)/(4, 1);;aa/1r ['0.99', '0.00', '0.00']
P2;(2, 1)/(4, 1);;aa/1r1r1r ['0.50', '0.50']
P2;(2, 1)/(4, 1);;aa/2r ['0.50', '0.50']
P2;(2, 2)/(5, 1);;aa/c ['1.00', '0.00', '0.00']
P2;(2, 2)/(5, 1);;aa/c1r1r ['1.00', '0.00']
P2;(2, 2)/(5, 1);;aa/1r ['0.50', '0.50', '0.00']
P2;(2, 2)/(5, 1);;aa/1r1r1r ['0.50', '0.50']
P2;(2, 2)/(5, 1);;aa/2r ['0.50', '0.50']
P2;(3, 2)/(4, 2);;aa/c ['1.00', '0.00', '0.00']
P2;(3, 2)/(4, 2);;aa/c1r1r ['1.00', '0.00']
P2;(3, 2)/(4, 2);;aa/1r ['0.50', '0.50', '0.00']
P2;(3, 2)/(4, 2);;aa/1r1r1r ['0.50', '0.50']
P2;(3, 2)/(4, 2);;aa/2r ['0.50', '0.50']
player 1 expected value: 0.0003148554544817957
player 2 expected value: -0.0003148554544817957


player 1 strategies:
P1 2s,3s  aa/          ['0.99', '0.01', '0.00'] P1;(2, 1)/(3, 1);;aa/
P1 2s,3s  aa/c1r       ['0.50', '0.50', '0.00'] P1;(2, 1)/(3, 1);;aa/c1r
P1 2s,3s  aa/c1r1r1r   ['0.50', '0.50'] P1;(2, 1)/(3, 1);;aa/c1r1r1r
P1 2s,3s  aa/c2r       ['0.50', '0.50'] P1;(2, 1)/(3, 1);;aa/c2r
P1 2s,3s  aa/1r1r      ['1.00', '0.00'] P1;(2, 1)/(3, 1);;aa/1r1r
P1 2s,5s  aa/          ['1.00', '0.00', '0.00'] P1;(2, 1)/(5, 1);;aa/
P1 2s,5s  aa/c1r       ['0.96', '0.00', '0.04'] P1;(2, 1)/(5, 1);;aa/c1r
P1 2s,5s  aa/c1r1r1r   ['0.50', '0.50'] P1;(2, 1)/(5, 1);;aa/c1r1r1r
P1 2s,5s  aa/c2r       ['0.50', '0.50'] P1;(2, 1)/(5, 1);;aa/c2r
P1 2s,5s  aa/1r1r      ['1.00', '0.00'] P1;(2, 1)/(5, 1);;aa/1r1r
P1 2s,4h  aa/          ['1.00', '0.00', '0.00'] P1;(2, 1)/(4, 2);;aa/
P1 2s,4h  aa/c1r       ['0.50', '0.50', '0.00'] P1;(2, 1)/(4, 2);;aa/c1r
P1 2s,4h  aa/c1r1r1r   ['0.50', '0.50'] P1;(2, 1)/(4, 2);;aa/c1r1r1r
P1 2s,4h  aa/c2r       ['0.50', '0.50'] P1;(2, 1)/(4, 2);;aa/c2r
P1 2s,4h  aa/1r1r      ['1.00', '0.00'] P1;(2, 1)/(4, 2);;aa/1r1r
P1 2s,2h  aa/          ['1.00', '0.00', '0.00'] P1;(2, 1)/(2, 2);;aa/
P1 2s,2h  aa/c1r       ['0.50', '0.50', '0.00'] P1;(2, 1)/(2, 2);;aa/c1r
P1 2s,2h  aa/c1r1r1r   ['0.50', '0.50'] P1;(2, 1)/(2, 2);;aa/c1r1r1r
P1 2s,2h  aa/c2r       ['0.50', '0.50'] P1;(2, 1)/(2, 2);;aa/c2r
P1 2s,2h  aa/1r1r      ['1.00', '0.00'] P1;(2, 1)/(2, 2);;aa/1r1r
P1 2s,3h  aa/          ['1.00', '0.00', '0.00'] P1;(2, 1)/(3, 2);;aa/
P1 2s,3h  aa/c1r       ['0.50', '0.50', '0.00'] P1;(2, 1)/(3, 2);;aa/c1r
P1 2s,3h  aa/c1r1r1r   ['0.50', '0.50'] P1;(2, 1)/(3, 2);;aa/c1r1r1r
P1 2s,3h  aa/c2r       ['0.50', '0.50'] P1;(2, 1)/(3, 2);;aa/c2r
P1 2s,3h  aa/1r1r      ['1.00', '0.00'] P1;(2, 1)/(3, 2);;aa/1r1r
P1 2s,4s  aa/          ['1.00', '0.00', '0.00'] P1;(2, 1)/(4, 1);;aa/
P1 2s,4s  aa/c1r       ['1.00', '0.00', '0.00'] P1;(2, 1)/(4, 1);;aa/c1r
P1 2s,4s  aa/c1r1r1r   ['1.00', '0.00'] P1;(2, 1)/(4, 1);;aa/c1r1r1r
P1 2s,4s  aa/c2r       ['1.00', '0.00'] P1;(2, 1)/(4, 1);;aa/c2r
P1 2s,4s  aa/1r1r      ['1.00', '0.00'] P1;(2, 1)/(4, 1);;aa/1r1r
P1 2s,5h  aa/          ['1.00', '0.00', '0.00'] P1;(2, 1)/(5, 2);;aa/
P1 2s,5h  aa/c1r       ['0.00', '0.00', '1.00'] P1;(2, 1)/(5, 2);;aa/c1r
P1 2s,5h  aa/c1r1r1r   ['0.50', '0.50'] P1;(2, 1)/(5, 2);;aa/c1r1r1r
P1 2s,5h  aa/c2r       ['0.50', '0.50'] P1;(2, 1)/(5, 2);;aa/c2r
P1 2s,5h  aa/1r1r      ['1.00', '0.00'] P1;(2, 1)/(5, 2);;aa/1r1r
P1 3s,5s  aa/          ['1.00', '0.00', '0.00'] P1;(3, 1)/(5, 1);;aa/
P1 3s,5s  aa/c1r       ['0.69', '0.00', '0.31'] P1;(3, 1)/(5, 1);;aa/c1r
P1 3s,5s  aa/c1r1r1r   ['0.50', '0.50'] P1;(3, 1)/(5, 1);;aa/c1r1r1r
P1 3s,5s  aa/c2r       ['0.50', '0.50'] P1;(3, 1)/(5, 1);;aa/c2r
P1 3s,5s  aa/1r1r      ['1.00', '0.00'] P1;(3, 1)/(5, 1);;aa/1r1r
P1 3s,4h  aa/          ['1.00', '0.00', '0.00'] P1;(3, 1)/(4, 2);;aa/
P1 3s,4h  aa/c1r       ['0.50', '0.50', '0.00'] P1;(3, 1)/(4, 2);;aa/c1r
P1 3s,4h  aa/c1r1r1r   ['0.50', '0.50'] P1;(3, 1)/(4, 2);;aa/c1r1r1r
P1 3s,4h  aa/c2r       ['0.50', '0.50'] P1;(3, 1)/(4, 2);;aa/c2r
P1 3s,4h  aa/1r1r      ['1.00', '0.00'] P1;(3, 1)/(4, 2);;aa/1r1r
P1 2h,3s  aa/          ['1.00', '0.00', '0.00'] P1;(2, 2)/(3, 1);;aa/
P1 2h,3s  aa/c1r       ['0.50', '0.50', '0.00'] P1;(2, 2)/(3, 1);;aa/c1r
P1 2h,3s  aa/c1r1r1r   ['0.50', '0.50'] P1;(2, 2)/(3, 1);;aa/c1r1r1r
P1 2h,3s  aa/c2r       ['0.50', '0.50'] P1;(2, 2)/(3, 1);;aa/c2r
P1 2h,3s  aa/1r1r      ['1.00', '0.00'] P1;(2, 2)/(3, 1);;aa/1r1r
P1 3s,3h  aa/          ['1.00', '0.00', '0.00'] P1;(3, 1)/(3, 2);;aa/
P1 3s,3h  aa/c1r       ['0.50', '0.50', '0.00'] P1;(3, 1)/(3, 2);;aa/c1r
P1 3s,3h  aa/c1r1r1r   ['0.50', '0.50'] P1;(3, 1)/(3, 2);;aa/c1r1r1r
P1 3s,3h  aa/c2r       ['0.50', '0.50'] P1;(3, 1)/(3, 2);;aa/c2r
P1 3s,3h  aa/1r1r      ['1.00', '0.00'] P1;(3, 1)/(3, 2);;aa/1r1r
P1 3s,4s  aa/          ['1.00', '0.00', '0.00'] P1;(3, 1)/(4, 1);;aa/
P1 3s,4s  aa/c1r       ['1.00', '0.00', '0.00'] P1;(3, 1)/(4, 1);;aa/c1r
P1 3s,4s  aa/c1r1r1r   ['1.00', '0.00'] P1;(3, 1)/(4, 1);;aa/c1r1r1r
P1 3s,4s  aa/c2r       ['1.00', '0.00'] P1;(3, 1)/(4, 1);;aa/c2r
P1 3s,4s  aa/1r1r      ['1.00', '0.00'] P1;(3, 1)/(4, 1);;aa/1r1r
P1 3s,5h  aa/          ['1.00', '0.00', '0.00'] P1;(3, 1)/(5, 2);;aa/
P1 3s,5h  aa/c1r       ['0.00', '0.00', '1.00'] P1;(3, 1)/(5, 2);;aa/c1r
P1 3s,5h  aa/c1r1r1r   ['0.50', '0.50'] P1;(3, 1)/(5, 2);;aa/c1r1r1r
P1 3s,5h  aa/c2r       ['0.50', '0.50'] P1;(3, 1)/(5, 2);;aa/c2r
P1 3s,5h  aa/1r1r      ['1.00', '0.00'] P1;(3, 1)/(5, 2);;aa/1r1r
P1 4h,5s  aa/          ['1.00', '0.00', '0.00'] P1;(4, 2)/(5, 1);;aa/
P1 4h,5s  aa/c1r       ['1.00', '0.00', '0.00'] P1;(4, 2)/(5, 1);;aa/c1r
P1 4h,5s  aa/c1r1r1r   ['1.00', '0.00'] P1;(4, 2)/(5, 1);;aa/c1r1r1r
P1 4h,5s  aa/c2r       ['1.00', '0.00'] P1;(4, 2)/(5, 1);;aa/c2r
P1 4h,5s  aa/1r1r      ['1.00', '0.00'] P1;(4, 2)/(5, 1);;aa/1r1r
P1 2h,5s  aa/          ['1.00', '0.00', '0.00'] P1;(2, 2)/(5, 1);;aa/
P1 2h,5s  aa/c1r       ['0.97', '0.00', '0.03'] P1;(2, 2)/(5, 1);;aa/c1r
P1 2h,5s  aa/c1r1r1r   ['0.50', '0.50'] P1;(2, 2)/(5, 1);;aa/c1r1r1r
P1 2h,5s  aa/c2r       ['0.50', '0.50'] P1;(2, 2)/(5, 1);;aa/c2r
P1 2h,5s  aa/1r1r      ['1.00', '0.00'] P1;(2, 2)/(5, 1);;aa/1r1r
P1 3h,5s  aa/          ['1.00', '0.00', '0.00'] P1;(3, 2)/(5, 1);;aa/
P1 3h,5s  aa/c1r       ['0.98', '0.00', '0.02'] P1;(3, 2)/(5, 1);;aa/c1r
P1 3h,5s  aa/c1r1r1r   ['0.50', '0.50'] P1;(3, 2)/(5, 1);;aa/c1r1r1r
P1 3h,5s  aa/c2r       ['0.50', '0.50'] P1;(3, 2)/(5, 1);;aa/c2r
P1 3h,5s  aa/1r1r      ['1.00', '0.00'] P1;(3, 2)/(5, 1);;aa/1r1r
P1 4s,5s  aa/          ['1.00', '0.00', '0.00'] P1;(4, 1)/(5, 1);;aa/
P1 4s,5s  aa/c1r       ['0.99', '0.00', '0.01'] P1;(4, 1)/(5, 1);;aa/c1r
P1 4s,5s  aa/c1r1r1r   ['0.50', '0.50'] P1;(4, 1)/(5, 1);;aa/c1r1r1r
P1 4s,5s  aa/c2r       ['0.50', '0.50'] P1;(4, 1)/(5, 1);;aa/c2r
P1 4s,5s  aa/1r1r      ['1.00', '0.00'] P1;(4, 1)/(5, 1);;aa/1r1r
P1 5s,5h  aa/          ['1.00', '0.00', '0.00'] P1;(5, 1)/(5, 2);;aa/
P1 5s,5h  aa/c1r       ['0.00', '0.00', '1.00'] P1;(5, 1)/(5, 2);;aa/c1r
P1 5s,5h  aa/c1r1r1r   ['0.50', '0.50'] P1;(5, 1)/(5, 2);;aa/c1r1r1r
P1 5s,5h  aa/c2r       ['0.50', '0.50'] P1;(5, 1)/(5, 2);;aa/c2r
P1 5s,5h  aa/1r1r      ['1.00', '0.00'] P1;(5, 1)/(5, 2);;aa/1r1r
P1 2h,4h  aa/          ['1.00', '0.00', '0.00'] P1;(2, 2)/(4, 2);;aa/
P1 2h,4h  aa/c1r       ['0.50', '0.50', '0.00'] P1;(2, 2)/(4, 2);;aa/c1r
P1 2h,4h  aa/c1r1r1r   ['0.50', '0.50'] P1;(2, 2)/(4, 2);;aa/c1r1r1r
P1 2h,4h  aa/c2r       ['0.50', '0.50'] P1;(2, 2)/(4, 2);;aa/c2r
P1 2h,4h  aa/1r1r      ['1.00', '0.00'] P1;(2, 2)/(4, 2);;aa/1r1r
P1 3h,4h  aa/          ['1.00', '0.00', '0.00'] P1;(3, 2)/(4, 2);;aa/
P1 3h,4h  aa/c1r       ['0.46', '0.46', '0.08'] P1;(3, 2)/(4, 2);;aa/c1r
P1 3h,4h  aa/c1r1r1r   ['0.50', '0.50'] P1;(3, 2)/(4, 2);;aa/c1r1r1r
P1 3h,4h  aa/c2r       ['0.50', '0.50'] P1;(3, 2)/(4, 2);;aa/c2r
P1 3h,4h  aa/1r1r      ['1.00', '0.00'] P1;(3, 2)/(4, 2);;aa/1r1r
P1 4s,4h  aa/          ['1.00', '0.00', '0.00'] P1;(4, 1)/(4, 2);;aa/
P1 4s,4h  aa/c1r       ['0.50', '0.50', '0.00'] P1;(4, 1)/(4, 2);;aa/c1r
P1 4s,4h  aa/c1r1r1r   ['0.50', '0.50'] P1;(4, 1)/(4, 2);;aa/c1r1r1r
P1 4s,4h  aa/c2r       ['0.50', '0.50'] P1;(4, 1)/(4, 2);;aa/c2r
P1 4s,4h  aa/1r1r      ['1.00', '0.00'] P1;(4, 1)/(4, 2);;aa/1r1r
P1 4h,5h  aa/          ['1.00', '0.00', '0.00'] P1;(4, 2)/(5, 2);;aa/
P1 4h,5h  aa/c1r       ['0.00', '0.00', '1.00'] P1;(4, 2)/(5, 2);;aa/c1r
P1 4h,5h  aa/c1r1r1r   ['0.50', '0.50'] P1;(4, 2)/(5, 2);;aa/c1r1r1r
P1 4h,5h  aa/c2r       ['0.50', '0.50'] P1;(4, 2)/(5, 2);;aa/c2r
P1 4h,5h  aa/1r1r      ['1.00', '0.00'] P1;(4, 2)/(5, 2);;aa/1r1r
P1 2h,3h  aa/          ['1.00', '0.00', '0.00'] P1;(2, 2)/(3, 2);;aa/
P1 2h,3h  aa/c1r       ['0.50', '0.50', '0.00'] P1;(2, 2)/(3, 2);;aa/c1r
P1 2h,3h  aa/c1r1r1r   ['0.50', '0.50'] P1;(2, 2)/(3, 2);;aa/c1r1r1r
P1 2h,3h  aa/c2r       ['0.50', '0.50'] P1;(2, 2)/(3, 2);;aa/c2r
P1 2h,3h  aa/1r1r      ['1.00', '0.00'] P1;(2, 2)/(3, 2);;aa/1r1r
P1 2h,4s  aa/          ['1.00', '0.00', '0.00'] P1;(2, 2)/(4, 1);;aa/
P1 2h,4s  aa/c1r       ['1.00', '0.00', '0.00'] P1;(2, 2)/(4, 1);;aa/c1r
P1 2h,4s  aa/c1r1r1r   ['1.00', '0.00'] P1;(2, 2)/(4, 1);;aa/c1r1r1r
P1 2h,4s  aa/c2r       ['1.00', '0.00'] P1;(2, 2)/(4, 1);;aa/c2r
P1 2h,4s  aa/1r1r      ['1.00', '0.00'] P1;(2, 2)/(4, 1);;aa/1r1r
P1 2h,5h  aa/          ['1.00', '0.00', '0.00'] P1;(2, 2)/(5, 2);;aa/
P1 2h,5h  aa/c1r       ['0.00', '0.00', '1.00'] P1;(2, 2)/(5, 2);;aa/c1r
P1 2h,5h  aa/c1r1r1r   ['0.50', '0.50'] P1;(2, 2)/(5, 2);;aa/c1r1r1r
P1 2h,5h  aa/c2r       ['0.50', '0.50'] P1;(2, 2)/(5, 2);;aa/c2r
P1 2h,5h  aa/1r1r      ['1.00', '0.00'] P1;(2, 2)/(5, 2);;aa/1r1r
P1 3h,4s  aa/          ['1.00', '0.00', '0.00'] P1;(3, 2)/(4, 1);;aa/
P1 3h,4s  aa/c1r       ['0.50', '0.50', '0.00'] P1;(3, 2)/(4, 1);;aa/c1r
P1 3h,4s  aa/c1r1r1r   ['0.50', '0.50'] P1;(3, 2)/(4, 1);;aa/c1r1r1r
P1 3h,4s  aa/c2r       ['0.50', '0.50'] P1;(3, 2)/(4, 1);;aa/c2r
P1 3h,4s  aa/1r1r      ['1.00', '0.00'] P1;(3, 2)/(4, 1);;aa/1r1r
P1 3h,5h  aa/          ['1.00', '0.00', '0.00'] P1;(3, 2)/(5, 2);;aa/
P1 3h,5h  aa/c1r       ['0.00', '0.00', '1.00'] P1;(3, 2)/(5, 2);;aa/c1r
P1 3h,5h  aa/c1r1r1r   ['0.50', '0.50'] P1;(3, 2)/(5, 2);;aa/c1r1r1r
P1 3h,5h  aa/c2r       ['0.50', '0.50'] P1;(3, 2)/(5, 2);;aa/c2r
P1 3h,5h  aa/1r1r      ['1.00', '0.00'] P1;(3, 2)/(5, 2);;aa/1r1r
P1 4s,5h  aa/          ['1.00', '0.00', '0.00'] P1;(4, 1)/(5, 2);;aa/
P1 4s,5h  aa/c1r       ['0.00', '0.00', '1.00'] P1;(4, 1)/(5, 2);;aa/c1r
P1 4s,5h  aa/c1r1r1r   ['0.50', '0.50'] P1;(4, 1)/(5, 2);;aa/c1r1r1r
P1 4s,5h  aa/c2r       ['0.50', '0.50'] P1;(4, 1)/(5, 2);;aa/c2r
P1 4s,5h  aa/1r1r      ['1.00', '0.00'] P1;(4, 1)/(5, 2);;aa/1r1r

player 2 strategies:
P2 3h,4s  aa/c         ['1.00', '0.00', '0.00'] P2;(3, 2)/(4, 1);;aa/c
P2 3h,4s  aa/c1r1r     ['1.00', '0.00'] P2;(3, 2)/(4, 1);;aa/c1r1r
P2 3h,4s  aa/1r        ['1.00', '0.00', '0.00'] P2;(3, 2)/(4, 1);;aa/1r
P2 3h,4s  aa/1r1r1r    ['0.50', '0.50'] P2;(3, 2)/(4, 1);;aa/1r1r1r
P2 3h,4s  aa/2r        ['1.00', '0.00'] P2;(3, 2)/(4, 1);;aa/2r
P2 3s,4s  aa/c         ['1.00', '0.00', '0.00'] P2;(3, 1)/(4, 1);;aa/c
P2 3s,4s  aa/c1r1r     ['1.00', '0.00'] P2;(3, 1)/(4, 1);;aa/c1r1r
P2 3s,4s  aa/1r        ['1.00', '0.00', '0.00'] P2;(3, 1)/(4, 1);;aa/1r
P2 3s,4s  aa/1r1r1r    ['1.00', '0.00'] P2;(3, 1)/(4, 1);;aa/1r1r1r
P2 3s,4s  aa/2r        ['1.00', '0.00'] P2;(3, 1)/(4, 1);;aa/2r
P2 2h,4s  aa/c         ['1.00', '0.00', '0.00'] P2;(2, 2)/(4, 1);;aa/c
P2 2h,4s  aa/c1r1r     ['1.00', '0.00'] P2;(2, 2)/(4, 1);;aa/c1r1r
P2 2h,4s  aa/1r        ['1.00', '0.00', '0.00'] P2;(2, 2)/(4, 1);;aa/1r
P2 2h,4s  aa/1r1r1r    ['1.00', '0.00'] P2;(2, 2)/(4, 1);;aa/1r1r1r
P2 2h,4s  aa/2r        ['1.00', '0.00'] P2;(2, 2)/(4, 1);;aa/2r
P2 3s,3h  aa/c         ['1.00', '0.00', '0.00'] P2;(3, 1)/(3, 2);;aa/c
P2 3s,3h  aa/c1r1r     ['1.00', '0.00'] P2;(3, 1)/(3, 2);;aa/c1r1r
P2 3s,3h  aa/1r        ['0.50', '0.50', '0.00'] P2;(3, 1)/(3, 2);;aa/1r
P2 3s,3h  aa/1r1r1r    ['0.50', '0.50'] P2;(3, 1)/(3, 2);;aa/1r1r1r
P2 3s,3h  aa/2r        ['0.50', '0.50'] P2;(3, 1)/(3, 2);;aa/2r
P2 4s,5h  aa/c         ['1.00', '0.00', '0.00'] P2;(4, 1)/(5, 2);;aa/c
P2 4s,5h  aa/c1r1r     ['1.00', '0.00'] P2;(4, 1)/(5, 2);;aa/c1r1r
P2 4s,5h  aa/1r        ['0.50', '0.50', '0.00'] P2;(4, 1)/(5, 2);;aa/1r
P2 4s,5h  aa/1r1r1r    ['0.50', '0.50'] P2;(4, 1)/(5, 2);;aa/1r1r1r
P2 4s,5h  aa/2r        ['0.50', '0.50'] P2;(4, 1)/(5, 2);;aa/2r
P2 2h,3h  aa/c         ['1.00', '0.00', '0.00'] P2;(2, 2)/(3, 2);;aa/c
P2 2h,3h  aa/c1r1r     ['1.00', '0.00'] P2;(2, 2)/(3, 2);;aa/c1r1r
P2 2h,3h  aa/1r        ['1.00', '0.00', '0.00'] P2;(2, 2)/(3, 2);;aa/1r
P2 2h,3h  aa/1r1r1r    ['1.00', '0.00'] P2;(2, 2)/(3, 2);;aa/1r1r1r
P2 2h,3h  aa/2r        ['1.00', '0.00'] P2;(2, 2)/(3, 2);;aa/2r
P2 3s,4h  aa/c         ['1.00', '0.00', '0.00'] P2;(3, 1)/(4, 2);;aa/c
P2 3s,4h  aa/c1r1r     ['1.00', '0.00'] P2;(3, 1)/(4, 2);;aa/c1r1r
P2 3s,4h  aa/1r        ['1.00', '0.00', '0.00'] P2;(3, 1)/(4, 2);;aa/1r
P2 3s,4h  aa/1r1r1r    ['1.00', '0.00'] P2;(3, 1)/(4, 2);;aa/1r1r1r
P2 3s,4h  aa/2r        ['1.00', '0.00'] P2;(3, 1)/(4, 2);;aa/2r
P2 2s,2h  aa/c         ['1.00', '0.00', '0.00'] P2;(2, 1)/(2, 2);;aa/c
P2 2s,2h  aa/c1r1r     ['1.00', '0.00'] P2;(2, 1)/(2, 2);;aa/c1r1r
P2 2s,2h  aa/1r        ['1.00', '0.00', '0.00'] P2;(2, 1)/(2, 2);;aa/1r
P2 2s,2h  aa/1r1r1r    ['1.00', '0.00'] P2;(2, 1)/(2, 2);;aa/1r1r1r
P2 2s,2h  aa/2r        ['1.00', '0.00'] P2;(2, 1)/(2, 2);;aa/2r
P2 4h,5h  aa/c         ['1.00', '0.00', '0.00'] P2;(4, 2)/(5, 2);;aa/c
P2 4h,5h  aa/c1r1r     ['1.00', '0.00'] P2;(4, 2)/(5, 2);;aa/c1r1r
P2 4h,5h  aa/1r        ['0.50', '0.50', '0.00'] P2;(4, 2)/(5, 2);;aa/1r
P2 4h,5h  aa/1r1r1r    ['0.50', '0.50'] P2;(4, 2)/(5, 2);;aa/1r1r1r
P2 4h,5h  aa/2r        ['0.50', '0.50'] P2;(4, 2)/(5, 2);;aa/2r
P2 2s,5h  aa/c         ['1.00', '0.00', '0.00'] P2;(2, 1)/(5, 2);;aa/c
P2 2s,5h  aa/c1r1r     ['1.00', '0.00'] P2;(2, 1)/(5, 2);;aa/c1r1r
P2 2s,5h  aa/1r        ['0.50', '0.50', '0.00'] P2;(2, 1)/(5, 2);;aa/1r
P2 2s,5h  aa/1r1r1r    ['0.50', '0.50'] P2;(2, 1)/(5, 2);;aa/1r1r1r
P2 2s,5h  aa/2r        ['0.50', '0.50'] P2;(2, 1)/(5, 2);;aa/2r
P2 2h,4h  aa/c         ['1.00', '0.00', '0.00'] P2;(2, 2)/(4, 2);;aa/c
P2 2h,4h  aa/c1r1r     ['1.00', '0.00'] P2;(2, 2)/(4, 2);;aa/c1r1r
P2 2h,4h  aa/1r        ['0.50', '0.50', '0.01'] P2;(2, 2)/(4, 2);;aa/1r
P2 2h,4h  aa/1r1r1r    ['0.50', '0.50'] P2;(2, 2)/(4, 2);;aa/1r1r1r
P2 2h,4h  aa/2r        ['0.50', '0.50'] P2;(2, 2)/(4, 2);;aa/2r
P2 2s,4h  aa/c         ['1.00', '0.00', '0.00'] P2;(2, 1)/(4, 2);;aa/c
P2 2s,4h  aa/c1r1r     ['1.00', '0.00'] P2;(2, 1)/(4, 2);;aa/c1r1r
P2 2s,4h  aa/1r        ['1.00', '0.00', '0.00'] P2;(2, 1)/(4, 2);;aa/1r
P2 2s,4h  aa/1r1r1r    ['1.00', '0.00'] P2;(2, 1)/(4, 2);;aa/1r1r1r
P2 2s,4h  aa/2r        ['1.00', '0.00'] P2;(2, 1)/(4, 2);;aa/2r
P2 2s,3s  aa/c         ['1.00', '0.00', '0.00'] P2;(2, 1)/(3, 1);;aa/c
P2 2s,3s  aa/c1r1r     ['1.00', '0.00'] P2;(2, 1)/(3, 1);;aa/c1r1r
P2 2s,3s  aa/1r        ['1.00', '0.00', '0.00'] P2;(2, 1)/(3, 1);;aa/1r
P2 2s,3s  aa/1r1r1r    ['1.00', '0.00'] P2;(2, 1)/(3, 1);;aa/1r1r1r
P2 2s,3s  aa/2r        ['1.00', '0.00'] P2;(2, 1)/(3, 1);;aa/2r
P2 2s,3h  aa/c         ['1.00', '0.00', '0.00'] P2;(2, 1)/(3, 2);;aa/c
P2 2s,3h  aa/c1r1r     ['1.00', '0.00'] P2;(2, 1)/(3, 2);;aa/c1r1r
P2 2s,3h  aa/1r        ['1.00', '0.00', '0.00'] P2;(2, 1)/(3, 2);;aa/1r
P2 2s,3h  aa/1r1r1r    ['1.00', '0.00'] P2;(2, 1)/(3, 2);;aa/1r1r1r
P2 2s,3h  aa/2r        ['1.00', '0.00'] P2;(2, 1)/(3, 2);;aa/2r
P2 2h,3s  aa/c         ['1.00', '0.00', '0.00'] P2;(2, 2)/(3, 1);;aa/c
P2 2h,3s  aa/c1r1r     ['1.00', '0.00'] P2;(2, 2)/(3, 1);;aa/c1r1r
P2 2h,3s  aa/1r        ['1.00', '0.00', '0.00'] P2;(2, 2)/(3, 1);;aa/1r
P2 2h,3s  aa/1r1r1r    ['1.00', '0.00'] P2;(2, 2)/(3, 1);;aa/1r1r1r
P2 2h,3s  aa/2r        ['1.00', '0.00'] P2;(2, 2)/(3, 1);;aa/2r
P2 2s,5s  aa/c         ['1.00', '0.00', '0.00'] P2;(2, 1)/(5, 1);;aa/c
P2 2s,5s  aa/c1r1r     ['1.00', '0.00'] P2;(2, 1)/(5, 1);;aa/c1r1r
P2 2s,5s  aa/1r        ['1.00', '0.00', '0.00'] P2;(2, 1)/(5, 1);;aa/1r
P2 2s,5s  aa/1r1r1r    ['1.00', '0.00'] P2;(2, 1)/(5, 1);;aa/1r1r1r
P2 2s,5s  aa/2r        ['1.00', '0.00'] P2;(2, 1)/(5, 1);;aa/2r
P2 4h,5s  aa/c         ['1.00', '0.00', '0.00'] P2;(4, 2)/(5, 1);;aa/c
P2 4h,5s  aa/c1r1r     ['1.00', '0.00'] P2;(4, 2)/(5, 1);;aa/c1r1r
P2 4h,5s  aa/1r        ['0.50', '0.50', '0.00'] P2;(4, 2)/(5, 1);;aa/1r
P2 4h,5s  aa/1r1r1r    ['0.50', '0.50'] P2;(4, 2)/(5, 1);;aa/1r1r1r
P2 4h,5s  aa/2r        ['0.50', '0.50'] P2;(4, 2)/(5, 1);;aa/2r
P2 2h,5h  aa/c         ['1.00', '0.00', '0.00'] P2;(2, 2)/(5, 2);;aa/c
P2 2h,5h  aa/c1r1r     ['1.00', '0.00'] P2;(2, 2)/(5, 2);;aa/c1r1r
P2 2h,5h  aa/1r        ['0.50', '0.50', '0.00'] P2;(2, 2)/(5, 2);;aa/1r
P2 2h,5h  aa/1r1r1r    ['0.50', '0.50'] P2;(2, 2)/(5, 2);;aa/1r1r1r
P2 2h,5h  aa/2r        ['0.50', '0.50'] P2;(2, 2)/(5, 2);;aa/2r
P2 3h,5s  aa/c         ['1.00', '0.00', '0.00'] P2;(3, 2)/(5, 1);;aa/c
P2 3h,5s  aa/c1r1r     ['1.00', '0.00'] P2;(3, 2)/(5, 1);;aa/c1r1r
P2 3h,5s  aa/1r        ['0.50', '0.50', '0.00'] P2;(3, 2)/(5, 1);;aa/1r
P2 3h,5s  aa/1r1r1r    ['0.50', '0.50'] P2;(3, 2)/(5, 1);;aa/1r1r1r
P2 3h,5s  aa/2r        ['0.50', '0.50'] P2;(3, 2)/(5, 1);;aa/2r
P2 4s,5s  aa/c         ['1.00', '0.00', '0.00'] P2;(4, 1)/(5, 1);;aa/c
P2 4s,5s  aa/c1r1r     ['1.00', '0.00'] P2;(4, 1)/(5, 1);;aa/c1r1r
P2 4s,5s  aa/1r        ['0.50', '0.50', '0.00'] P2;(4, 1)/(5, 1);;aa/1r
P2 4s,5s  aa/1r1r1r    ['0.50', '0.50'] P2;(4, 1)/(5, 1);;aa/1r1r1r
P2 4s,5s  aa/2r        ['0.50', '0.50'] P2;(4, 1)/(5, 1);;aa/2r
P2 5s,5h  aa/c         ['1.00', '0.00', '0.00'] P2;(5, 1)/(5, 2);;aa/c
P2 5s,5h  aa/c1r1r     ['1.00', '0.00'] P2;(5, 1)/(5, 2);;aa/c1r1r
P2 5s,5h  aa/1r        ['0.50', '0.50', '0.00'] P2;(5, 1)/(5, 2);;aa/1r
P2 5s,5h  aa/1r1r1r    ['0.50', '0.50'] P2;(5, 1)/(5, 2);;aa/1r1r1r
P2 5s,5h  aa/2r        ['0.50', '0.50'] P2;(5, 1)/(5, 2);;aa/2r
P2 3s,5h  aa/c         ['1.00', '0.00', '0.00'] P2;(3, 1)/(5, 2);;aa/c
P2 3s,5h  aa/c1r1r     ['1.00', '0.00'] P2;(3, 1)/(5, 2);;aa/c1r1r
P2 3s,5h  aa/1r        ['0.50', '0.50', '0.00'] P2;(3, 1)/(5, 2);;aa/1r
P2 3s,5h  aa/1r1r1r    ['0.50', '0.50'] P2;(3, 1)/(5, 2);;aa/1r1r1r
P2 3s,5h  aa/2r        ['0.50', '0.50'] P2;(3, 1)/(5, 2);;aa/2r
P2 3h,5h  aa/c         ['1.00', '0.00', '0.00'] P2;(3, 2)/(5, 2);;aa/c
P2 3h,5h  aa/c1r1r     ['1.00', '0.00'] P2;(3, 2)/(5, 2);;aa/c1r1r
P2 3h,5h  aa/1r        ['0.50', '0.50', '0.00'] P2;(3, 2)/(5, 2);;aa/1r
P2 3h,5h  aa/1r1r1r    ['0.50', '0.50'] P2;(3, 2)/(5, 2);;aa/1r1r1r
P2 3h,5h  aa/2r        ['0.50', '0.50'] P2;(3, 2)/(5, 2);;aa/2r
P2 3s,5s  aa/c         ['1.00', '0.00', '0.00'] P2;(3, 1)/(5, 1);;aa/c
P2 3s,5s  aa/c1r1r     ['1.00', '0.00'] P2;(3, 1)/(5, 1);;aa/c1r1r
P2 3s,5s  aa/1r        ['0.50', '0.50', '0.00'] P2;(3, 1)/(5, 1);;aa/1r
P2 3s,5s  aa/1r1r1r    ['0.50', '0.50'] P2;(3, 1)/(5, 1);;aa/1r1r1r
P2 3s,5s  aa/2r        ['0.50', '0.50'] P2;(3, 1)/(5, 1);;aa/2r
P2 4s,4h  aa/c         ['1.00', '0.00', '0.00'] P2;(4, 1)/(4, 2);;aa/c
P2 4s,4h  aa/c1r1r     ['1.00', '0.00'] P2;(4, 1)/(4, 2);;aa/c1r1r
P2 4s,4h  aa/1r        ['0.99', '0.01', '0.00'] P2;(4, 1)/(4, 2);;aa/1r
P2 4s,4h  aa/1r1r1r    ['0.50', '0.50'] P2;(4, 1)/(4, 2);;aa/1r1r1r
P2 4s,4h  aa/2r        ['0.50', '0.50'] P2;(4, 1)/(4, 2);;aa/2r
P2 2s,4s  aa/c         ['1.00', '0.00', '0.00'] P2;(2, 1)/(4, 1);;aa/c
P2 2s,4s  aa/c1r1r     ['1.00', '0.00'] P2;(2, 1)/(4, 1);;aa/c1r1r
P2 2s,4s  aa/1r        ['0.99', '0.00', '0.00'] P2;(2, 1)/(4, 1);;aa/1r
P2 2s,4s  aa/1r1r1r    ['0.50', '0.50'] P2;(2, 1)/(4, 1);;aa/1r1r1r
P2 2s,4s  aa/2r        ['0.50', '0.50'] P2;(2, 1)/(4, 1);;aa/2r
P2 2h,5s  aa/c         ['1.00', '0.00', '0.00'] P2;(2, 2)/(5, 1);;aa/c
P2 2h,5s  aa/c1r1r     ['1.00', '0.00'] P2;(2, 2)/(5, 1);;aa/c1r1r
P2 2h,5s  aa/1r        ['0.50', '0.50', '0.00'] P2;(2, 2)/(5, 1);;aa/1r
P2 2h,5s  aa/1r1r1r    ['0.50', '0.50'] P2;(2, 2)/(5, 1);;aa/1r1r1r
P2 2h,5s  aa/2r        ['0.50', '0.50'] P2;(2, 2)/(5, 1);;aa/2r
P2 3h,4h  aa/c         ['1.00', '0.00', '0.00'] P2;(3, 2)/(4, 2);;aa/c
P2 3h,4h  aa/c1r1r     ['1.00', '0.00'] P2;(3, 2)/(4, 2);;aa/c1r1r
P2 3h,4h  aa/1r        ['0.50', '0.50', '0.00'] P2;(3, 2)/(4, 2);;aa/1r
P2 3h,4h  aa/1r1r1r    ['0.50', '0.50'] P2;(3, 2)/(4, 2);;aa/1r1r1r
P2 3h,4h  aa/2r        ['0.50', '0.50'] P2;(3, 2)/(4, 2);;aa/2r
